0.000000000000000000e+00 1.000000000000000000e+00
5.000000000000000000e-01 1.000000000000000000e+00
1.000000000000000000e+00 1.000000000000000000e+00
1.500000000000000000e+00 1.000000000000000000e+00
2.000000000000000000e+00 1.000000000000000000e+00
2.500000000000000000e+00 1.000000000000000000e+00
3.000000000000000000e+00 1.000000000000000000e+00
3.500000000000000000e+00 1.000000000000000000e+00
4.000000000000000000e+00 1.000000000000000000e+00
4.500000000000000000e+00 1.000000000000000000e+00
5.000000000000000000e+00 1.000000000000000000e+00
5.500000000000000000e+00 1.000000000000000000e+00
6.000000000000000000e+00 1.000000000000000000e+00
6.500000000000000000e+00 1.000000000000000000e+00
7.000000000000000000e+00 1.000000000000000000e+00
7.500000000000000000e+00 1.000000000000000000e+00
8.000000000000000000e+00 1.000000000000000000e+00
8.500000000000000000e+00 1.000000000000000000e+00
9.000000000000000000e+00 1.000000000000000000e+00
9.500000000000000000e+00 1.000000000000000000e+00
1.000000000000000000e+01 1.000000000000000000e+00
1.050000000000000000e+01 1.000000000000000000e+00
1.100000000000000000e+01 1.000000000000000000e+00
1.150000000000000000e+01 1.000000000000000000e+00
1.200000000000000000e+01 1.000000000000000000e+00
1.250000000000000000e+01 1.000000000000000000e+00
1.300000000000000000e+01 1.000000000000000000e+00
1.350000000000000000e+01 1.000000000000000000e+00
1.400000000000000000e+01 1.000000000000000000e+00
1.450000000000000000e+01 1.000000000000000000e+00
1.500000000000000000e+01 1.000000000000000000e+00
1.550000000000000000e+01 1.000000000000000000e+00
1.600000000000000000e+01 1.000000000000000000e+00
1.650000000000000000e+01 1.000000000000000000e+00
1.700000000000000000e+01 1.000000000000000000e+00
1.750000000000000000e+01 1.000000000000000000e+00
1.800000000000000000e+01 1.000000000000000000e+00
1.850000000000000000e+01 1.000000000000000000e+00
1.900000000000000000e+01 1.000000000000000000e+00
1.950000000000000000e+01 1.000000000000000000e+00
2.000000000000000000e+01 2.610491994499579823e-44
2.050000000000000000e+01 2.513070270157655461e-44
2.100000000000000000e+01 1.495985451618261093e-44
2.150000000000000000e+01 1.199284555711054758e-44
2.200000000000000000e+01 9.799687685169000944e-45
2.250000000000000000e+01 9.098597377660286297e-45
2.300000000000000000e+01 9.093297519188569519e-45
2.350000000000000000e+01 1.113926251021579606e-44
2.400000000000000000e+01 1.766402050712765281e-44
2.450000000000000000e+01 2.079397679440344012e-44
2.500000000000000000e+01 1.746899564162391814e-44
2.550000000000000000e+01 1.620607370961536368e-44
2.600000000000000000e+01 1.103901074516683579e-44
2.650000000000000000e+01 7.119396043660260530e-45
2.700000000000000000e+01 8.908711509363160209e-45
2.750000000000000000e+01 1.674869712072228114e-44
2.800000000000000000e+01 1.663431514371265588e-44
2.850000000000000000e+01 1.085543142290804015e-44
2.900000000000000000e+01 1.547886458015109984e-45
2.950000000000000000e+01 1.364218112597283356e-45
3.000000000000000000e+01 8.485457795717033536e-46
3.050000000000000000e+01 8.848824245310703510e-46
3.100000000000000000e+01 8.195483558252023657e-46
3.150000000000000000e+01 1.135564654123022647e-45
3.200000000000000000e+01 9.157065263862295891e-46
3.250000000000000000e+01 8.570902516394987781e-46
3.300000000000000000e+01 7.604693692701049018e-46
3.350000000000000000e+01 5.927360053500808857e-46
3.400000000000000000e+01 6.201843542973607688e-46
3.450000000000000000e+01 7.945168172017787330e-46
3.500000000000000000e+01 4.579119258358551652e-45
3.550000000000000000e+01 7.312141953420441952e-43
3.600000000000000000e+01 1.543803551749351544e-42
3.650000000000000000e+01 1.485287032688164019e-42
3.700000000000000000e+01 1.203742227303357707e-42
3.750000000000000000e+01 2.934767124781637103e-44
3.800000000000000000e+01 1.083444700920461939e-45
3.850000000000000000e+01 4.578399472474537611e-46
3.900000000000000000e+01 3.749689010560533011e-46
3.950000000000000000e+01 3.793667135550058178e-46
4.000000000000000000e+01 3.481226475931725045e-46
4.050000000000000000e+01 5.972675849440271909e-45
4.100000000000000000e+01 1.928093051497446935e-44
4.150000000000000000e+01 4.692465859510805741e-45
4.200000000000000000e+01 3.278332535891204841e-46
4.250000000000000000e+01 2.609453158439387463e-46
4.300000000000000000e+01 2.485273928887451460e-46
4.350000000000000000e+01 2.656600012181249538e-46
4.400000000000000000e+01 3.264322926538603753e-46
4.450000000000000000e+01 3.530881041559104376e-46
4.500000000000000000e+01 3.554997146083089162e-46
4.550000000000000000e+01 3.567335876849633350e-46
4.600000000000000000e+01 5.333305195005746792e-46
4.650000000000000000e+01 3.964067312923740428e-46
4.700000000000000000e+01 2.574727126739206186e-46
4.750000000000000000e+01 3.034041760058410543e-46
4.800000000000000000e+01 3.273063589620164898e-46
4.850000000000000000e+01 3.045999193688990759e-46
4.900000000000000000e+01 3.001463443144593495e-46
4.950000000000000000e+01 3.157614603999082228e-46
5.000000000000000000e+01 2.549462700291337556e-46
5.050000000000000000e+01 2.447949262158802120e-46
5.100000000000000000e+01 2.119824258228648224e-46
5.150000000000000000e+01 1.622342812062595100e-46
5.200000000000000000e+01 1.209715383047375000e-46
5.250000000000000000e+01 1.458644090381302095e-46
5.300000000000000000e+01 1.765656585018224411e-46
5.350000000000000000e+01 2.256370364314676648e-46
5.400000000000000000e+01 2.160530692753544290e-46
5.450000000000000000e+01 1.897909495220425575e-46
5.500000000000000000e+01 1.858514867810117231e-46
5.550000000000000000e+01 1.945407247159644735e-46
5.600000000000000000e+01 1.646743467617573184e-46
5.650000000000000000e+01 2.045697873201130176e-46
5.700000000000000000e+01 2.302002456344797167e-46
5.750000000000000000e+01 2.159557516330671600e-46
5.800000000000000000e+01 2.473437133859127932e-46
5.850000000000000000e+01 2.310791316709239613e-46
5.900000000000000000e+01 2.159568929480935793e-46
5.950000000000000000e+01 8.956207825106845543e-44
6.000000000000000000e+01 3.571063826642640564e-43
6.050000000000000000e+01 8.885402406719681087e-44
6.100000000000000000e+01 1.573007395773353401e-46
6.150000000000000000e+01 1.543015235142079587e-46
6.200000000000000000e+01 1.280930727958588978e-46
6.250000000000000000e+01 1.251323401505302743e-46
6.300000000000000000e+01 1.111360918988054506e-46
6.350000000000000000e+01 1.700805072286954192e-46
6.400000000000000000e+01 2.489076594503287127e-46
6.450000000000000000e+01 1.900762165866558112e-46
6.500000000000000000e+01 1.661159218579786517e-46
6.550000000000000000e+01 1.081763574122291272e-46
6.600000000000000000e+01 1.126419168502013986e-46
6.650000000000000000e+01 7.755483779508063283e-47
6.700000000000000000e+01 1.263736155343607907e-46
6.750000000000000000e+01 1.228123147875365200e-46
6.800000000000000000e+01 1.271624547672854529e-46
6.850000000000000000e+01 1.097588614510737344e-46
6.900000000000000000e+01 1.789658271143810530e-46
6.950000000000000000e+01 2.158588683149942290e-46
7.000000000000000000e+01 2.469227937152752077e-46
7.050000000000000000e+01 1.866120416082403087e-46
7.100000000000000000e+01 1.809970070223784544e-46
7.150000000000000000e+01 1.844343238761656427e-46
7.200000000000000000e+01 2.028997745577142528e-46
7.250000000000000000e+01 2.237499785966237485e-46
7.300000000000000000e+01 1.926768271038475398e-46
7.350000000000000000e+01 1.356130314222096067e-46
7.400000000000000000e+01 1.573591541041039371e-46
7.450000000000000000e+01 1.873501432527670368e-46
7.500000000000000000e+01 2.707500271597481084e-46
7.550000000000000000e+01 1.566230219518281863e-46
7.600000000000000000e+01 1.153855079330955373e-46
7.650000000000000000e+01 1.186590505821294034e-46
7.700000000000000000e+01 1.135924237117112980e-46
7.750000000000000000e+01 1.893918128457589664e-46
7.800000000000000000e+01 5.152471472791538280e-46
7.850000000000000000e+01 6.011820979158886339e-46
7.900000000000000000e+01 5.792376658758965211e-46
7.950000000000000000e+01 2.411208024921666998e-46
8.000000000000000000e+01 1.510404194975595930e-46
8.050000000000000000e+01 1.596440176119372928e-46
8.100000000000000000e+01 1.704056844312999521e-46
8.150000000000000000e+01 1.763208970818134431e-46
8.200000000000000000e+01 1.664296598576977746e-46
8.250000000000000000e+01 1.153295898717385508e-46
8.300000000000000000e+01 1.017240874638699165e-46
8.350000000000000000e+01 1.156631569386830298e-46
8.400000000000000000e+01 9.034924272648141280e-47
8.450000000000000000e+01 8.465280491069813523e-47
8.500000000000000000e+01 1.089162882223453448e-46
8.550000000000000000e+01 9.247255499753266779e-47
8.600000000000000000e+01 1.016493123010667145e-46
8.650000000000000000e+01 8.205016199248925216e-47
8.700000000000000000e+01 8.614020473131028209e-47
8.750000000000000000e+01 7.911520761760826244e-47
8.800000000000000000e+01 8.409266267721675149e-47
8.850000000000000000e+01 1.001557511343684523e-46
8.900000000000000000e+01 1.246257348245560240e-46
8.950000000000000000e+01 8.513622664969747245e-47
9.000000000000000000e+01 8.746164786704106238e-47
9.050000000000000000e+01 1.084018367988461615e-46
9.100000000000000000e+01 1.118535171713604865e-46
9.150000000000000000e+01 1.175136349548826041e-46
9.200000000000000000e+01 1.254812773024469476e-46
9.250000000000000000e+01 1.075002494296144902e-46
9.300000000000000000e+01 1.102953363548830133e-46
9.350000000000000000e+01 1.095456324126810674e-46
9.400000000000000000e+01 9.416020109426852136e-47
9.450000000000000000e+01 9.147870445876830434e-47
9.500000000000000000e+01 8.077060174795751155e-47
9.550000000000000000e+01 6.297345083741867212e-47
9.600000000000000000e+01 9.037478415708584469e-47
9.650000000000000000e+01 7.778486692847926446e-47
9.700000000000000000e+01 6.651727575702373769e-47
9.750000000000000000e+01 7.834831151598858863e-47
9.800000000000000000e+01 8.552263286844325499e-47
9.850000000000000000e+01 1.155891813348311065e-46
9.900000000000000000e+01 7.492509716309606190e-47
9.950000000000000000e+01 5.400523265465203386e-47
1.000000000000000000e+02 7.399673988658644356e-47
1.005000000000000000e+02 7.603630771703076513e-47
1.010000000000000000e+02 7.675796531445595611e-47
1.015000000000000000e+02 7.625090045206875842e-47
1.020000000000000000e+02 6.932590852641060860e-47
1.025000000000000000e+02 7.398196359388199147e-47
1.030000000000000000e+02 8.960850089321140913e-47
1.035000000000000000e+02 7.870892779783041878e-47
1.040000000000000000e+02 7.127468440656350289e-47
1.045000000000000000e+02 7.235452496143349508e-47
1.050000000000000000e+02 6.417180921629537313e-47
1.055000000000000000e+02 7.582879718342105823e-47
1.060000000000000000e+02 8.388992245198666687e-47
1.065000000000000000e+02 8.358309158740101499e-47
1.070000000000000000e+02 9.512929062522058337e-47
1.075000000000000000e+02 8.959123499768629932e-47
1.080000000000000000e+02 7.617536330368023225e-47
1.085000000000000000e+02 7.011113731914634319e-47
1.090000000000000000e+02 8.277723665124465981e-47
1.095000000000000000e+02 7.332872202641135768e-47
1.100000000000000000e+02 7.052679354189531532e-47
1.105000000000000000e+02 6.507191410017447920e-47
1.110000000000000000e+02 7.363230843998065065e-47
1.115000000000000000e+02 7.056256921895734162e-47
1.120000000000000000e+02 5.772343841562410380e-47
1.125000000000000000e+02 6.752740108948180249e-47
1.130000000000000000e+02 6.009986896386541879e-47
1.135000000000000000e+02 6.440790949933569726e-47
1.140000000000000000e+02 7.202337459064450643e-47
1.145000000000000000e+02 7.302833155523985258e-47
1.150000000000000000e+02 7.412273874139170582e-47
1.155000000000000000e+02 6.889959359956259436e-47
1.160000000000000000e+02 8.147629607964316164e-47
1.165000000000000000e+02 8.193709282843313980e-47
1.170000000000000000e+02 8.025233608894074473e-47
1.175000000000000000e+02 7.948148156410602750e-47
1.180000000000000000e+02 7.174607745110571482e-47
1.185000000000000000e+02 8.229319971829379201e-47
1.190000000000000000e+02 8.627277944804291780e-47
1.195000000000000000e+02 6.450200901301497652e-46
1.200000000000000000e+02 2.632737683075502594e-45
1.205000000000000000e+02 7.434739123664795048e-46
1.210000000000000000e+02 7.631596475672995113e-47
1.215000000000000000e+02 5.564897619923584120e-47
1.220000000000000000e+02 5.926938902680010635e-47
1.225000000000000000e+02 6.614995129398806275e-47
1.230000000000000000e+02 6.071203569728373308e-47
1.235000000000000000e+02 5.709925914026056931e-47
1.240000000000000000e+02 6.250262395593277931e-47
1.245000000000000000e+02 5.527819793144979593e-47
1.250000000000000000e+02 6.105883121321068118e-47
1.255000000000000000e+02 6.917717822711724546e-47
1.260000000000000000e+02 6.799117687958690179e-47
1.265000000000000000e+02 6.151809562807018345e-47
1.270000000000000000e+02 6.045478726646219130e-47
1.275000000000000000e+02 9.407497211002663090e-47
1.280000000000000000e+02 1.378018197132809465e-46
1.285000000000000000e+02 7.757466001395698990e-47
1.290000000000000000e+02 4.939460820399619312e-47
1.295000000000000000e+02 5.920204377189414847e-47
1.300000000000000000e+02 6.564513397583649617e-47
1.305000000000000000e+02 7.128677211757508252e-47
1.310000000000000000e+02 5.968805697346416249e-47
1.315000000000000000e+02 5.662822136064113564e-47
1.320000000000000000e+02 6.012406352196495042e-47
1.325000000000000000e+02 6.443238274227667505e-47
1.330000000000000000e+02 7.039534940007189323e-47
1.335000000000000000e+02 7.009213370483820492e-47
1.340000000000000000e+02 6.594104003510450291e-47
1.345000000000000000e+02 5.581428219239731423e-47
1.350000000000000000e+02 7.436637410304816513e-47
1.355000000000000000e+02 6.981971286525916705e-47
1.360000000000000000e+02 6.994364433246933805e-47
1.365000000000000000e+02 5.917883421630064369e-47
1.370000000000000000e+02 6.593642201904049716e-47
1.375000000000000000e+02 5.275991464499989509e-47
1.380000000000000000e+02 5.808009599852067395e-47
1.385000000000000000e+02 6.721538695507434902e-47
1.390000000000000000e+02 6.773359462915065032e-47
1.395000000000000000e+02 6.198736355738542284e-47
1.400000000000000000e+02 7.717321356610946019e-47
1.405000000000000000e+02 7.418954676863669197e-47
1.410000000000000000e+02 6.433355062823458278e-47
1.415000000000000000e+02 8.798227271492405742e-47
1.420000000000000000e+02 8.185347479529566403e-47
1.425000000000000000e+02 6.990014116649199672e-47
1.430000000000000000e+02 7.124060707341482407e-47
1.435000000000000000e+02 6.326604327668490841e-47
1.440000000000000000e+02 4.874654985584428597e-47
1.445000000000000000e+02 5.204638809724611517e-47
1.450000000000000000e+02 5.680126673679692394e-47
1.455000000000000000e+02 6.457483807837443250e-47
1.460000000000000000e+02 5.166391791073973270e-47
1.465000000000000000e+02 6.316230572940682641e-47
1.470000000000000000e+02 6.165350380105927963e-47
1.475000000000000000e+02 6.261528883691746525e-47
1.480000000000000000e+02 4.802972081887192456e-47
1.485000000000000000e+02 7.070835304699105113e-47
1.490000000000000000e+02 6.964569488346623278e-47
1.495000000000000000e+02 6.221818772263763848e-47
1.500000000000000000e+02 6.417837607017964997e-47
1.505000000000000000e+02 6.728905885735628973e-47
1.510000000000000000e+02 6.670933048206189561e-47
1.515000000000000000e+02 6.656252378739157219e-47
1.520000000000000000e+02 6.469117196410637755e-47
1.525000000000000000e+02 6.208932279275325420e-47
1.530000000000000000e+02 5.874632358632721909e-47
1.535000000000000000e+02 5.914942529348133018e-47
1.540000000000000000e+02 5.885268153620971777e-47
1.545000000000000000e+02 5.043137226400106196e-47
1.550000000000000000e+02 5.985376152658811394e-47
1.555000000000000000e+02 6.474407360946729749e-47
1.560000000000000000e+02 4.654289088877616413e-47
1.565000000000000000e+02 4.387011475261210235e-47
1.570000000000000000e+02 5.550796153973792937e-47
1.575000000000000000e+02 4.943891360488026788e-47
1.580000000000000000e+02 6.315652630711455037e-47
1.585000000000000000e+02 6.388348967435390039e-47
1.590000000000000000e+02 5.210299994725383043e-47
1.595000000000000000e+02 6.534486185853459387e-47
1.600000000000000000e+02 6.999806725164212952e-47
1.605000000000000000e+02 4.814122230009759889e-47
1.610000000000000000e+02 5.758480426199745185e-47
1.615000000000000000e+02 5.152281814615665723e-47
1.620000000000000000e+02 4.966327757460217788e-47
1.625000000000000000e+02 6.728845311816588928e-47
1.630000000000000000e+02 7.048986782798273621e-47
1.635000000000000000e+02 6.085669869968717970e-47
1.640000000000000000e+02 5.005842851480326001e-47
1.645000000000000000e+02 4.628697589834738067e-47
1.650000000000000000e+02 6.372887978651645311e-47
1.655000000000000000e+02 5.451473557672890817e-47
1.660000000000000000e+02 5.876576407803725183e-47
1.665000000000000000e+02 5.567118780919458864e-47
1.670000000000000000e+02 7.082202214431071586e-47
1.675000000000000000e+02 7.202617261998080639e-47
1.680000000000000000e+02 5.495510386803313884e-47
1.685000000000000000e+02 6.519850997991430336e-47
1.690000000000000000e+02 5.818707195282519349e-47
1.695000000000000000e+02 6.261750618394651013e-47
1.700000000000000000e+02 6.376110757788057769e-47
1.705000000000000000e+02 5.057022730778836332e-47
1.710000000000000000e+02 6.835525893951769215e-47
1.715000000000000000e+02 5.774942977392998507e-47
1.720000000000000000e+02 5.363447279284115363e-47
1.725000000000000000e+02 5.692998692555163323e-47
1.730000000000000000e+02 7.552213174324322638e-47
1.735000000000000000e+02 6.484931182234863249e-47
1.740000000000000000e+02 5.839559129817788480e-47
1.745000000000000000e+02 6.478630537530263872e-47
1.750000000000000000e+02 5.952240860903327824e-47
1.755000000000000000e+02 5.667512464229097332e-47
1.760000000000000000e+02 7.113525547874997597e-47
1.765000000000000000e+02 5.969132842745770448e-47
1.770000000000000000e+02 6.002939189206711180e-47
1.775000000000000000e+02 6.406151354927297158e-47
1.780000000000000000e+02 6.067976470205735987e-47
1.785000000000000000e+02 7.018627498684400690e-47
1.790000000000000000e+02 7.024363642671547555e-47
1.795000000000000000e+02 6.571656839982234115e-46
1.800000000000000000e+02 2.638275897866604183e-45
1.805000000000000000e+02 6.930331070031516969e-46
1.810000000000000000e+02 6.749550352539046323e-47
1.815000000000000000e+02 6.903995541013062608e-47
1.820000000000000000e+02 6.254210249116647253e-47
1.825000000000000000e+02 7.476568660517059493e-47
1.830000000000000000e+02 7.110174807968003513e-47
1.835000000000000000e+02 5.546977236259713741e-47
1.840000000000000000e+02 7.019694264755985716e-47
1.845000000000000000e+02 8.076850693777896572e-47
1.850000000000000000e+02 7.940591197102183734e-47
1.855000000000000000e+02 6.740190695178194650e-47
1.860000000000000000e+02 6.086329912043906942e-47
1.865000000000000000e+02 7.462098026962153364e-47
1.870000000000000000e+02 6.416304659683031540e-47
1.875000000000000000e+02 6.060910601362539584e-47
1.880000000000000000e+02 5.048730000043279260e-47
1.885000000000000000e+02 7.858916114977888244e-47
1.890000000000000000e+02 7.001546248813020966e-47
1.895000000000000000e+02 5.212234563846314505e-47
1.900000000000000000e+02 5.533472209575284508e-47
1.905000000000000000e+02 7.213879163053805645e-47
1.910000000000000000e+02 5.563083855989298881e-47
1.915000000000000000e+02 6.823077351287467950e-47
1.920000000000000000e+02 7.268633390038902115e-47
1.925000000000000000e+02 5.893740166195436825e-47
1.930000000000000000e+02 5.763370993379731864e-47
1.935000000000000000e+02 5.834157698207577614e-47
1.940000000000000000e+02 6.338819261372927667e-47
1.945000000000000000e+02 6.531638675575572649e-47
1.950000000000000000e+02 7.462434310647434695e-47
1.955000000000000000e+02 5.348317130422825941e-47
1.960000000000000000e+02 5.723901864530828726e-47
1.965000000000000000e+02 6.431532682104255541e-47
1.970000000000000000e+02 6.674885162742873981e-47
1.975000000000000000e+02 6.287227042453444318e-47
1.980000000000000000e+02 7.207044964767728936e-47
1.985000000000000000e+02 5.567011101611322731e-47
1.990000000000000000e+02 6.158099756271005180e-47
1.995000000000000000e+02 5.952121941154415696e-47
2.000000000000000000e+02 5.430530945337642507e-47
2.005000000000000000e+02 5.470743712374897583e-47
2.010000000000000000e+02 5.070294338460567158e-47
2.015000000000000000e+02 5.809382295737643287e-47
2.020000000000000000e+02 6.603310747262010949e-47
2.025000000000000000e+02 5.298254790764718708e-47
2.030000000000000000e+02 5.658434768519719246e-47
2.035000000000000000e+02 6.182816417777066058e-47
2.040000000000000000e+02 5.661040614578126841e-47
2.045000000000000000e+02 6.095992364900896971e-47
2.050000000000000000e+02 4.796602488865636790e-47
2.055000000000000000e+02 6.764502877542581247e-47
2.060000000000000000e+02 5.408290924725567853e-47
2.065000000000000000e+02 5.787393984009177122e-47
2.070000000000000000e+02 6.259932882772896833e-47
2.075000000000000000e+02 8.119259857885915460e-47
2.080000000000000000e+02 6.921740120296282869e-47
2.085000000000000000e+02 6.525609469508958892e-47
2.090000000000000000e+02 6.565014648161575908e-47
2.095000000000000000e+02 5.741842587580182233e-47
2.100000000000000000e+02 6.226828007401361952e-47
2.105000000000000000e+02 5.297857313325354845e-47
2.110000000000000000e+02 4.391471225568264718e-47
2.115000000000000000e+02 5.975056220321293610e-47
2.120000000000000000e+02 5.849254608586778455e-47
2.125000000000000000e+02 4.778122984934790203e-47
2.130000000000000000e+02 5.174493542367520170e-47
2.135000000000000000e+02 6.006645412848069797e-47
2.140000000000000000e+02 6.244793060417128907e-47
2.145000000000000000e+02 5.601483658403788671e-47
2.150000000000000000e+02 5.680594030012210337e-47
2.155000000000000000e+02 7.095734741072792500e-47
2.160000000000000000e+02 6.004009118502689625e-47
2.165000000000000000e+02 6.332185400003711925e-47
2.170000000000000000e+02 6.685330351643442515e-47
2.175000000000000000e+02 6.535871330208290537e-47
2.180000000000000000e+02 6.333496111573756268e-47
2.185000000000000000e+02 6.390455476712535588e-47
2.190000000000000000e+02 5.089917270992844427e-47
2.195000000000000000e+02 5.094530907816566254e-47
2.200000000000000000e+02 5.784978579045962695e-47
2.205000000000000000e+02 5.214133571953946033e-47
2.210000000000000000e+02 5.027917766438962973e-47
2.215000000000000000e+02 5.201666197434508465e-47
2.220000000000000000e+02 4.855719741606097466e-47
2.225000000000000000e+02 7.526713142692561660e-47
2.230000000000000000e+02 4.776594423822404650e-47
2.235000000000000000e+02 5.265647312806350051e-47
2.240000000000000000e+02 5.719158807528063281e-47
2.245000000000000000e+02 4.576583528712077166e-47
2.250000000000000000e+02 6.367336084402638805e-47
2.255000000000000000e+02 5.576150802794836301e-47
2.260000000000000000e+02 5.183532380730453170e-47
2.265000000000000000e+02 4.675836880786475599e-47
2.270000000000000000e+02 7.344518814012662853e-47
2.275000000000000000e+02 5.583201690506818744e-47
2.280000000000000000e+02 5.053229745448621127e-47
2.285000000000000000e+02 4.675161342506086253e-47
2.290000000000000000e+02 5.514313190919101955e-47
2.295000000000000000e+02 6.527670318833910378e-47
2.300000000000000000e+02 5.566818036509078116e-47
2.305000000000000000e+02 5.804952857430042880e-47
2.310000000000000000e+02 5.889409621251761289e-47
2.315000000000000000e+02 4.955005477717282494e-47
2.320000000000000000e+02 5.026633468639873088e-47
2.325000000000000000e+02 6.350593558574535979e-47
2.330000000000000000e+02 7.746191901965711030e-47
2.335000000000000000e+02 7.315899980411869210e-47
2.340000000000000000e+02 6.484719310623539632e-47
2.345000000000000000e+02 5.946575956293573408e-47
2.350000000000000000e+02 5.544730456358957549e-47
2.355000000000000000e+02 5.450195370484040243e-47
2.360000000000000000e+02 6.453994320681379935e-47
2.365000000000000000e+02 5.930196784306565346e-47
2.370000000000000000e+02 5.169225412233686792e-47
2.375000000000000000e+02 4.934698462591623584e-47
2.380000000000000000e+02 7.123908920360431801e-47
2.385000000000000000e+02 5.728971455807260796e-47
2.390000000000000000e+02 7.345178524765619520e-47
2.395000000000000000e+02 8.085866358008672272e-47
2.400000000000000000e+02 7.120955279298776526e-47
2.405000000000000000e+02 7.183656071111987243e-47
2.410000000000000000e+02 6.550742008014592260e-47
2.415000000000000000e+02 6.468609405106980554e-47
2.420000000000000000e+02 7.025508152121101134e-47
2.425000000000000000e+02 5.487199791176484401e-47
2.430000000000000000e+02 5.437446958436716370e-47
2.435000000000000000e+02 6.390692964209490188e-47
2.440000000000000000e+02 7.973124694166848772e-47
2.445000000000000000e+02 7.216482456916627689e-47
2.450000000000000000e+02 7.072523595136226346e-47
2.455000000000000000e+02 7.705938666197827333e-47
2.460000000000000000e+02 8.899983571153127048e-47
2.465000000000000000e+02 8.331170183347285254e-47
2.470000000000000000e+02 8.111815544812182391e-47
2.475000000000000000e+02 7.494943802973056589e-47
2.480000000000000000e+02 7.527174956459932990e-47
2.485000000000000000e+02 7.901872817713736849e-47
2.490000000000000000e+02 6.507851214473603958e-47
2.495000000000000000e+02 6.180483614441331820e-47
2.500000000000000000e+02 6.191637776464073162e-47
2.505000000000000000e+02 7.192849509155230177e-47
2.510000000000000000e+02 7.172997891160003234e-47
2.515000000000000000e+02 6.719928298542041429e-47
2.520000000000000000e+02 6.487045105983019600e-47
2.525000000000000000e+02 7.533739967615733563e-47
2.530000000000000000e+02 6.775140237183000411e-47
2.535000000000000000e+02 5.018384441756032035e-47
2.540000000000000000e+02 9.044634945039853698e-47
2.545000000000000000e+02 7.111300265034495792e-47
2.550000000000000000e+02 6.718813038711932449e-47
2.555000000000000000e+02 7.159619741697943216e-47
2.560000000000000000e+02 1.514365249296096074e-46
