0.000000000000000000e+00 1.000000000000000000e+00
5.000000000000000000e-01 1.000000000000000000e+00
1.000000000000000000e+00 1.000000000000000000e+00
1.500000000000000000e+00 1.000000000000000000e+00
2.000000000000000000e+00 1.000000000000000000e+00
2.500000000000000000e+00 1.000000000000000000e+00
3.000000000000000000e+00 1.000000000000000000e+00
3.500000000000000000e+00 1.000000000000000000e+00
4.000000000000000000e+00 1.000000000000000000e+00
4.500000000000000000e+00 1.000000000000000000e+00
5.000000000000000000e+00 1.000000000000000000e+00
5.500000000000000000e+00 1.000000000000000000e+00
6.000000000000000000e+00 1.000000000000000000e+00
6.500000000000000000e+00 1.000000000000000000e+00
7.000000000000000000e+00 1.000000000000000000e+00
7.500000000000000000e+00 1.000000000000000000e+00
8.000000000000000000e+00 1.000000000000000000e+00
8.500000000000000000e+00 1.000000000000000000e+00
9.000000000000000000e+00 1.000000000000000000e+00
9.500000000000000000e+00 1.000000000000000000e+00
1.000000000000000000e+01 1.000000000000000000e+00
1.050000000000000000e+01 1.000000000000000000e+00
1.100000000000000000e+01 1.000000000000000000e+00
1.150000000000000000e+01 1.000000000000000000e+00
1.200000000000000000e+01 1.000000000000000000e+00
1.250000000000000000e+01 1.000000000000000000e+00
1.300000000000000000e+01 1.000000000000000000e+00
1.350000000000000000e+01 1.000000000000000000e+00
1.400000000000000000e+01 1.000000000000000000e+00
1.450000000000000000e+01 1.000000000000000000e+00
1.500000000000000000e+01 1.000000000000000000e+00
1.550000000000000000e+01 1.000000000000000000e+00
1.600000000000000000e+01 1.000000000000000000e+00
1.650000000000000000e+01 1.000000000000000000e+00
1.700000000000000000e+01 1.000000000000000000e+00
1.750000000000000000e+01 1.000000000000000000e+00
1.800000000000000000e+01 1.000000000000000000e+00
1.850000000000000000e+01 1.000000000000000000e+00
1.900000000000000000e+01 1.000000000000000000e+00
1.950000000000000000e+01 1.000000000000000000e+00
2.000000000000000000e+01 8.577103539652415368e-44
2.050000000000000000e+01 6.694774553735607801e-44
2.100000000000000000e+01 5.374879226155089367e-44
2.150000000000000000e+01 4.148381837067664723e-44
2.200000000000000000e+01 2.420512543940323557e-44
2.250000000000000000e+01 2.248980276667119581e-44
2.300000000000000000e+01 1.693426130681812335e-44
2.350000000000000000e+01 1.996345627648894904e-44
2.400000000000000000e+01 1.635309463976600676e-44
2.450000000000000000e+01 1.299604827785861412e-44
2.500000000000000000e+01 1.543670418618959757e-44
2.550000000000000000e+01 1.338994707581545186e-44
2.600000000000000000e+01 1.006160880634149524e-44
2.650000000000000000e+01 5.968249369549680940e-45
2.700000000000000000e+01 6.429859847802003265e-45
2.750000000000000000e+01 7.667910638487035354e-45
2.800000000000000000e+01 8.256645211888069022e-45
2.850000000000000000e+01 4.141187343083555590e-45
2.900000000000000000e+01 4.222171505832799014e-45
2.950000000000000000e+01 3.314198327263095690e-45
3.000000000000000000e+01 2.485300398362707732e-45
3.050000000000000000e+01 2.783804201435017356e-45
3.100000000000000000e+01 2.731669444101954548e-45
3.150000000000000000e+01 2.115635978964810889e-45
3.200000000000000000e+01 1.996044112421011911e-45
3.250000000000000000e+01 1.645017455410558427e-45
3.300000000000000000e+01 1.980438077118481176e-45
3.350000000000000000e+01 3.349419822563413551e-45
3.400000000000000000e+01 1.240932849210632379e-43
3.450000000000000000e+01 2.022478398238105425e-42
3.500000000000000000e+01 2.980567271701889020e-42
3.550000000000000000e+01 1.587194322622419387e-42
3.600000000000000000e+01 9.199686633259572404e-44
3.650000000000000000e+01 2.153382691672685810e-45
3.700000000000000000e+01 1.129013182447353624e-45
3.750000000000000000e+01 7.992939471260692490e-46
3.800000000000000000e+01 7.106862535044202186e-46
3.850000000000000000e+01 8.478890491217265820e-46
3.900000000000000000e+01 9.698665745402333250e-46
3.950000000000000000e+01 7.711854175056000020e-46
4.000000000000000000e+01 5.314570148798979933e-46
4.050000000000000000e+01 6.842458656938465480e-46
4.100000000000000000e+01 8.014536311697512796e-46
4.150000000000000000e+01 6.762095868768025557e-46
4.200000000000000000e+01 5.035862487589765369e-46
4.250000000000000000e+01 5.751679189205941951e-46
4.300000000000000000e+01 6.044403963663566205e-46
4.350000000000000000e+01 6.362830138976921639e-46
4.400000000000000000e+01 3.995758697787911482e-46
4.450000000000000000e+01 4.856465319890316169e-46
4.500000000000000000e+01 6.782659615415178768e-46
4.550000000000000000e+01 4.892878480890403142e-46
4.600000000000000000e+01 3.585435585784176972e-46
4.650000000000000000e+01 3.695990784448190324e-46
4.700000000000000000e+01 2.994514347655297595e-46
4.750000000000000000e+01 3.041607820335163247e-46
4.800000000000000000e+01 2.395034080224428733e-46
4.850000000000000000e+01 3.504038520376598663e-46
4.900000000000000000e+01 3.564863744606399839e-46
4.950000000000000000e+01 2.695119188773252551e-46
5.000000000000000000e+01 2.451624763056186099e-46
5.050000000000000000e+01 3.089403751579133748e-46
5.100000000000000000e+01 2.963518285339092829e-46
5.150000000000000000e+01 2.724865792976404187e-46
5.200000000000000000e+01 2.316069610715173903e-46
5.250000000000000000e+01 3.211271253850733074e-46
5.300000000000000000e+01 3.217222300766899595e-46
5.350000000000000000e+01 3.024468725759505782e-46
5.400000000000000000e+01 2.836947109428785038e-46
5.450000000000000000e+01 3.799721877164059932e-46
5.500000000000000000e+01 3.729151650387239346e-46
5.550000000000000000e+01 2.730470324710775914e-46
5.600000000000000000e+01 2.867493952490414560e-46
5.650000000000000000e+01 2.484730696197572747e-46
5.700000000000000000e+01 2.858275266977141233e-46
5.750000000000000000e+01 3.413385928054023260e-46
5.800000000000000000e+01 3.469999004114369422e-46
5.850000000000000000e+01 3.863535660118372046e-46
5.900000000000000000e+01 4.506649199762409559e-46
5.950000000000000000e+01 2.917054420054334884e-44
6.000000000000000000e+01 1.061350198489538269e-43
6.050000000000000000e+01 2.619013710002450423e-44
6.100000000000000000e+01 2.257371649153181863e-46
6.150000000000000000e+01 2.097453547347938732e-46
6.200000000000000000e+01 1.789399750925207257e-46
6.250000000000000000e+01 1.900090027555379126e-46
6.300000000000000000e+01 2.144170577410404689e-46
6.350000000000000000e+01 2.554827228145219155e-46
6.400000000000000000e+01 2.863952282884397617e-46
6.450000000000000000e+01 3.423773173132217640e-46
6.500000000000000000e+01 3.563255011673721910e-46
6.550000000000000000e+01 4.854952861454069645e-46
6.600000000000000000e+01 3.627302848577435625e-46
6.650000000000000000e+01 3.711464206838850822e-46
6.700000000000000000e+01 2.589424461119665448e-46
6.750000000000000000e+01 3.525914301318529076e-46
6.800000000000000000e+01 5.434159173162322224e-46
6.850000000000000000e+01 6.775143509460385559e-46
6.900000000000000000e+01 6.571794291136717238e-46
6.950000000000000000e+01 5.126626836719805112e-46
7.000000000000000000e+01 4.104697726964202706e-46
7.050000000000000000e+01 3.218909515751369636e-46
7.100000000000000000e+01 3.961459188715764105e-46
7.150000000000000000e+01 4.039518977303007406e-46
7.200000000000000000e+01 2.575975718074825456e-46
7.250000000000000000e+01 1.956097622273830327e-46
7.300000000000000000e+01 1.781197723548524678e-46
7.350000000000000000e+01 3.406570674002774090e-46
7.400000000000000000e+01 3.738272921872107918e-46
7.450000000000000000e+01 1.391685015667670353e-46
7.500000000000000000e+01 1.341069433673162313e-46
7.550000000000000000e+01 1.913525878364914286e-46
7.600000000000000000e+01 1.876576864059279790e-46
7.650000000000000000e+01 1.752323257995227625e-46
7.700000000000000000e+01 1.876296921310009895e-46
7.750000000000000000e+01 2.152951038548463162e-46
7.800000000000000000e+01 1.956294824637592664e-46
7.850000000000000000e+01 1.642449818222025425e-46
7.900000000000000000e+01 1.451260539668571228e-46
7.950000000000000000e+01 1.453766372519372328e-46
8.000000000000000000e+01 1.441116945928935990e-46
8.050000000000000000e+01 1.539918649925265169e-46
8.100000000000000000e+01 1.823678340235674120e-46
8.150000000000000000e+01 1.895814833247887663e-46
8.200000000000000000e+01 2.464491886743869039e-46
8.250000000000000000e+01 2.691923809596696661e-46
8.300000000000000000e+01 3.374838867039016535e-46
8.350000000000000000e+01 3.321865406547734745e-46
8.400000000000000000e+01 2.253693782361917543e-46
8.450000000000000000e+01 1.762356961630074012e-46
8.500000000000000000e+01 1.306510448247381760e-46
8.550000000000000000e+01 1.509638286844224851e-46
8.600000000000000000e+01 1.567971342613513462e-46
8.650000000000000000e+01 1.671480855929955209e-46
8.700000000000000000e+01 1.976043310330875923e-46
8.750000000000000000e+01 2.065981931925870127e-46
8.800000000000000000e+01 1.708270172105469301e-46
8.850000000000000000e+01 1.310962586212964475e-46
8.900000000000000000e+01 1.405939103725459075e-46
8.950000000000000000e+01 1.202989898387584943e-46
9.000000000000000000e+01 8.873476740808019565e-47
9.050000000000000000e+01 1.018797171626117078e-46
9.100000000000000000e+01 1.318003100351434396e-46
9.150000000000000000e+01 1.031060542779078456e-46
9.200000000000000000e+01 1.225831177870953449e-46
9.250000000000000000e+01 1.143217192736157686e-46
9.300000000000000000e+01 1.343037174916637526e-46
9.350000000000000000e+01 1.168097340967469394e-46
9.400000000000000000e+01 1.455228984929407751e-46
9.450000000000000000e+01 1.157114398538480343e-46
9.500000000000000000e+01 1.008338953213429913e-46
9.550000000000000000e+01 1.202744898125794173e-46
9.600000000000000000e+01 8.882539396702867640e-47
9.650000000000000000e+01 1.031173672068646107e-46
9.700000000000000000e+01 1.317227987690819972e-46
9.750000000000000000e+01 1.303512915002984252e-46
9.800000000000000000e+01 1.103558937900049122e-46
9.850000000000000000e+01 1.144277635959945087e-46
9.900000000000000000e+01 1.226882824184698836e-46
9.950000000000000000e+01 9.547475781599367696e-47
1.000000000000000000e+02 1.271805023776704559e-46
1.005000000000000000e+02 1.078883559884529352e-46
1.010000000000000000e+02 1.213746673591525250e-46
1.015000000000000000e+02 1.153066048141429959e-46
1.020000000000000000e+02 1.065137396278551560e-46
1.025000000000000000e+02 1.027565941197325053e-46
1.030000000000000000e+02 1.045830686851596087e-46
1.035000000000000000e+02 1.049933960912090593e-46
1.040000000000000000e+02 9.524991221296977100e-47
1.045000000000000000e+02 8.496114094120227719e-47
1.050000000000000000e+02 8.310166290967940465e-47
1.055000000000000000e+02 8.837904680232784075e-47
1.060000000000000000e+02 1.087692573320096769e-46
1.065000000000000000e+02 1.116058539184194003e-46
1.070000000000000000e+02 9.623552126892183690e-47
1.075000000000000000e+02 1.036437628035776489e-46
1.080000000000000000e+02 9.942524135807358675e-47
1.085000000000000000e+02 1.134645208521837611e-46
1.090000000000000000e+02 9.125676070966197213e-47
1.095000000000000000e+02 8.653223306155501817e-47
1.100000000000000000e+02 7.722553039303681796e-47
1.105000000000000000e+02 6.732644865819956638e-47
1.110000000000000000e+02 8.247643830888849837e-47
1.115000000000000000e+02 5.908597985731124673e-47
1.120000000000000000e+02 9.865195488082627535e-47
1.125000000000000000e+02 9.072282911449191394e-47
1.130000000000000000e+02 8.299579945719352009e-47
1.135000000000000000e+02 9.232295712982638452e-47
1.140000000000000000e+02 1.019247769841310222e-46
1.145000000000000000e+02 1.136435277084749224e-46
1.150000000000000000e+02 1.265752176809358172e-46
1.155000000000000000e+02 1.597755161446714868e-46
1.160000000000000000e+02 1.593524449989616503e-46
1.165000000000000000e+02 1.864900332355923938e-46
1.170000000000000000e+02 1.795329987025003104e-46
1.175000000000000000e+02 2.104673034231267258e-46
1.180000000000000000e+02 1.645063977947421406e-46
1.185000000000000000e+02 1.493880769195215490e-46
1.190000000000000000e+02 1.574544588736087350e-46
1.195000000000000000e+02 1.371187832722061373e-46
1.200000000000000000e+02 2.104629305906257828e-46
1.205000000000000000e+02 1.188011964711038171e-46
1.210000000000000000e+02 9.479882102176513018e-47
1.215000000000000000e+02 8.726295631540261433e-47
1.220000000000000000e+02 1.040272956582829786e-46
1.225000000000000000e+02 8.298967205203853100e-47
1.230000000000000000e+02 9.473961764370441812e-47
1.235000000000000000e+02 7.479503080911868917e-47
1.240000000000000000e+02 9.694902856663072872e-47
1.245000000000000000e+02 9.346077821806862692e-47
1.250000000000000000e+02 7.985425062302386089e-47
1.255000000000000000e+02 7.688498426386958131e-47
1.260000000000000000e+02 8.046890782276073186e-47
1.265000000000000000e+02 6.970524021517861021e-47
1.270000000000000000e+02 7.926719640626172849e-47
1.275000000000000000e+02 8.987919777625394362e-47
1.280000000000000000e+02 7.040299642843212142e-47
1.285000000000000000e+02 6.775950568654103907e-47
1.290000000000000000e+02 8.918299280656612600e-47
1.295000000000000000e+02 8.016177013549770867e-47
1.300000000000000000e+02 8.185899655052177391e-47
1.305000000000000000e+02 8.871555826406399594e-47
1.310000000000000000e+02 1.101573611627111343e-46
1.315000000000000000e+02 8.541959130896692081e-47
1.320000000000000000e+02 9.303012299348431059e-47
1.325000000000000000e+02 6.857004107865475361e-47
1.330000000000000000e+02 7.942240684101134765e-47
1.335000000000000000e+02 9.947360506283576644e-47
1.340000000000000000e+02 9.941748959328726894e-47
1.345000000000000000e+02 6.950431455918259739e-47
1.350000000000000000e+02 8.926408866384357960e-47
1.355000000000000000e+02 9.552452903219098900e-47
1.360000000000000000e+02 1.076549232410443529e-46
1.365000000000000000e+02 1.099691802176558365e-46
1.370000000000000000e+02 1.137445279250237569e-46
1.375000000000000000e+02 1.351555333459168938e-46
1.380000000000000000e+02 1.048863470335784185e-46
1.385000000000000000e+02 1.024405181898976355e-46
1.390000000000000000e+02 8.829127904846275287e-47
1.395000000000000000e+02 9.507679181808625037e-47
1.400000000000000000e+02 9.614915227319540224e-47
1.405000000000000000e+02 1.060969784287310834e-46
1.410000000000000000e+02 9.379823839289596758e-47
1.415000000000000000e+02 8.746024824629930199e-47
1.420000000000000000e+02 9.071303871391265668e-47
1.425000000000000000e+02 8.250384250397728633e-47
1.430000000000000000e+02 9.997008052578951205e-47
1.435000000000000000e+02 8.831884996806181422e-47
1.440000000000000000e+02 8.529239449369988195e-47
1.445000000000000000e+02 7.540130545226472387e-47
1.450000000000000000e+02 7.108591500053470748e-47
1.455000000000000000e+02 8.041523366671957327e-47
1.460000000000000000e+02 7.977584093685146681e-47
1.465000000000000000e+02 9.020894708602416173e-47
1.470000000000000000e+02 7.852173315680475315e-47
1.475000000000000000e+02 8.878271726506200297e-47
1.480000000000000000e+02 1.012904845400637297e-46
1.485000000000000000e+02 9.573860663401582855e-47
1.490000000000000000e+02 7.822971787879262004e-47
1.495000000000000000e+02 7.841996893052963824e-47
1.500000000000000000e+02 7.968176255292657474e-47
1.505000000000000000e+02 9.289244291929279298e-47
1.510000000000000000e+02 8.097833309565834167e-47
1.515000000000000000e+02 8.510484787196271535e-47
1.520000000000000000e+02 6.747813945825379194e-47
1.525000000000000000e+02 6.755946071816330619e-47
1.530000000000000000e+02 7.419219688107597631e-47
1.535000000000000000e+02 7.585729299608035248e-47
1.540000000000000000e+02 8.298047331029762113e-47
1.545000000000000000e+02 7.846038122488229577e-47
1.550000000000000000e+02 7.540395615344751773e-47
1.555000000000000000e+02 7.441989554259213874e-47
1.560000000000000000e+02 9.204599830617136431e-47
1.565000000000000000e+02 8.494058476072306310e-47
1.570000000000000000e+02 7.890632980798269409e-47
1.575000000000000000e+02 8.991446260851323995e-47
1.580000000000000000e+02 8.896499335804397811e-47
1.585000000000000000e+02 8.752431570970123358e-47
1.590000000000000000e+02 6.515688156213099078e-47
1.595000000000000000e+02 7.584828691160006308e-47
1.600000000000000000e+02 8.375988924985539343e-47
1.605000000000000000e+02 7.215801524581744049e-47
1.610000000000000000e+02 7.292132764022278728e-47
1.615000000000000000e+02 6.260213843452716909e-47
1.620000000000000000e+02 7.284759682624713615e-47
1.625000000000000000e+02 6.157115395148097018e-47
1.630000000000000000e+02 8.515216478170766085e-47
1.635000000000000000e+02 7.558789484782366571e-47
1.640000000000000000e+02 8.849421797890136289e-47
1.645000000000000000e+02 8.937318366960319600e-47
1.650000000000000000e+02 9.057977217117189295e-47
1.655000000000000000e+02 8.552863892258819943e-47
1.660000000000000000e+02 7.680117069474724519e-47
1.665000000000000000e+02 8.274820122728931573e-47
1.670000000000000000e+02 7.124923059669572014e-47
1.675000000000000000e+02 6.909447746502112443e-47
1.680000000000000000e+02 6.164342544036841053e-47
1.685000000000000000e+02 6.316467337585227560e-47
1.690000000000000000e+02 6.025062426693654148e-47
1.695000000000000000e+02 7.156242019719651390e-47
1.700000000000000000e+02 8.604042937623532951e-47
1.705000000000000000e+02 1.235142910050418921e-46
1.710000000000000000e+02 8.018912407508863121e-47
1.715000000000000000e+02 6.394964496752473937e-47
1.720000000000000000e+02 8.351875251909917382e-47
1.725000000000000000e+02 7.596078941879385113e-47
1.730000000000000000e+02 6.046386416455372083e-47
1.735000000000000000e+02 5.952285489304109375e-47
1.740000000000000000e+02 6.618934533474193372e-47
1.745000000000000000e+02 6.195472345375332831e-47
1.750000000000000000e+02 5.278196231410534513e-47
1.755000000000000000e+02 6.258111081270938898e-47
1.760000000000000000e+02 6.914833138183811311e-47
1.765000000000000000e+02 7.969344655572554300e-47
1.770000000000000000e+02 5.835441346483142788e-47
1.775000000000000000e+02 6.798183832645070382e-47
1.780000000000000000e+02 8.276478948341806722e-47
1.785000000000000000e+02 7.581373311598267840e-47
1.790000000000000000e+02 8.426048841331378580e-47
1.795000000000000000e+02 1.432224711294582137e-44
1.800000000000000000e+02 4.925225304218951793e-44
1.805000000000000000e+02 1.080395418750757072e-44
1.810000000000000000e+02 6.932822861605513140e-47
1.815000000000000000e+02 7.804905500230864687e-47
1.820000000000000000e+02 6.848527313975883962e-47
1.825000000000000000e+02 6.501991519305017299e-47
1.830000000000000000e+02 5.858044084850623750e-47
1.835000000000000000e+02 6.518765914132030326e-47
1.840000000000000000e+02 6.799720906778273577e-47
1.845000000000000000e+02 7.598632255106087930e-47
1.850000000000000000e+02 6.942217274295516561e-47
1.855000000000000000e+02 6.803825176974268473e-47
1.860000000000000000e+02 7.008438331431190355e-47
1.865000000000000000e+02 6.768107978532778517e-47
1.870000000000000000e+02 5.980342483765023241e-47
1.875000000000000000e+02 6.325328913574970145e-47
1.880000000000000000e+02 5.614576925629795851e-47
1.885000000000000000e+02 7.074221902423061586e-47
1.890000000000000000e+02 6.432746646478714862e-47
1.895000000000000000e+02 7.584114365621700701e-47
1.900000000000000000e+02 6.726375591374121924e-47
1.905000000000000000e+02 6.258190978108975024e-47
1.910000000000000000e+02 6.469797215008003678e-47
1.915000000000000000e+02 6.229164413924749254e-47
1.920000000000000000e+02 6.048749823643160782e-47
1.925000000000000000e+02 5.682601512411530842e-47
1.930000000000000000e+02 6.179679115796872831e-47
1.935000000000000000e+02 6.024959672999583282e-47
1.940000000000000000e+02 5.999891786193456106e-47
1.945000000000000000e+02 5.141020618148408272e-47
1.950000000000000000e+02 5.133510948528633012e-47
1.955000000000000000e+02 7.452564177763988384e-47
1.960000000000000000e+02 1.511110588218478005e-46
1.965000000000000000e+02 1.303150571251980266e-46
1.970000000000000000e+02 7.272358928705411523e-47
1.975000000000000000e+02 6.238852727128313877e-47
1.980000000000000000e+02 6.679091557380749226e-47
1.985000000000000000e+02 7.048920645543572626e-47
1.990000000000000000e+02 6.352476036211174537e-47
1.995000000000000000e+02 6.711964787388535172e-47
2.000000000000000000e+02 6.542063177583127276e-47
2.005000000000000000e+02 6.496765694051583477e-47
2.010000000000000000e+02 6.669602113994103939e-47
2.015000000000000000e+02 6.406561270886972700e-47
2.020000000000000000e+02 5.113253568082699669e-47
2.025000000000000000e+02 6.104092258161369701e-47
2.030000000000000000e+02 8.090558708927281359e-47
2.035000000000000000e+02 9.687055915426823524e-47
2.040000000000000000e+02 9.073686735799105657e-47
2.045000000000000000e+02 8.067633106584039864e-47
2.050000000000000000e+02 6.974554212906681513e-47
2.055000000000000000e+02 6.442577528760901980e-47
2.060000000000000000e+02 5.236516239205909743e-47
2.065000000000000000e+02 6.023510443892179662e-47
2.070000000000000000e+02 6.657239513048922200e-47
2.075000000000000000e+02 7.105180549561536266e-47
2.080000000000000000e+02 8.080295331653490594e-47
2.085000000000000000e+02 7.713382778660691394e-47
2.090000000000000000e+02 7.584092101311755767e-47
2.095000000000000000e+02 8.047090646974444485e-47
2.100000000000000000e+02 6.807800228597946224e-47
2.105000000000000000e+02 5.206640136420895569e-47
2.110000000000000000e+02 5.994137598207250657e-47
2.115000000000000000e+02 6.770924390119026923e-47
2.120000000000000000e+02 6.812911134670783521e-47
2.125000000000000000e+02 6.258334584752696688e-47
2.130000000000000000e+02 7.220110755561640660e-47
2.135000000000000000e+02 6.402874353961751119e-47
2.140000000000000000e+02 6.387873385318280144e-47
2.145000000000000000e+02 6.297532421957649635e-47
2.150000000000000000e+02 6.199157309863047201e-47
2.155000000000000000e+02 6.385936066103787491e-47
2.160000000000000000e+02 6.122010996386920050e-47
2.165000000000000000e+02 6.828028697960125021e-47
2.170000000000000000e+02 5.441078044352396683e-47
2.175000000000000000e+02 5.414808530275332676e-47
2.180000000000000000e+02 8.431155626290894235e-47
2.185000000000000000e+02 7.522262739560892360e-47
2.190000000000000000e+02 6.876844657578127111e-47
2.195000000000000000e+02 8.232061269116178194e-47
2.200000000000000000e+02 6.188107739323275301e-47
2.205000000000000000e+02 7.387192398025057045e-47
2.210000000000000000e+02 5.599439099335835828e-47
2.215000000000000000e+02 6.560496553212719220e-47
2.220000000000000000e+02 8.433250671951719991e-47
2.225000000000000000e+02 8.528566842955004469e-47
2.230000000000000000e+02 7.785492642994718806e-47
2.235000000000000000e+02 7.050172118840280864e-47
2.240000000000000000e+02 5.967390369327835874e-47
2.245000000000000000e+02 5.013963348581582978e-47
2.250000000000000000e+02 5.690448303468724835e-47
2.255000000000000000e+02 6.481727692815545513e-47
2.260000000000000000e+02 8.054751966873146375e-47
2.265000000000000000e+02 8.483215723084052360e-47
2.270000000000000000e+02 7.729013795667177158e-47
2.275000000000000000e+02 7.460961895598059021e-47
2.280000000000000000e+02 6.655636610966102664e-47
2.285000000000000000e+02 6.459798011918521504e-47
2.290000000000000000e+02 6.234380645507340559e-47
2.295000000000000000e+02 6.407965253884380001e-47
2.300000000000000000e+02 7.440203180279658492e-47
2.305000000000000000e+02 8.239298670855157215e-47
2.310000000000000000e+02 7.664914155311728657e-47
2.315000000000000000e+02 7.805199499970167242e-47
2.320000000000000000e+02 6.887647383783948794e-47
2.325000000000000000e+02 7.092152809462429259e-47
2.330000000000000000e+02 7.802591790446911034e-47
2.335000000000000000e+02 8.212569299467713549e-47
2.340000000000000000e+02 7.802371942439658032e-47
2.345000000000000000e+02 7.149814276068263513e-47
2.350000000000000000e+02 7.858517413011794123e-47
2.355000000000000000e+02 8.652789691400761809e-47
2.360000000000000000e+02 7.779227116073160317e-47
2.365000000000000000e+02 6.942259810206831413e-47
2.370000000000000000e+02 6.991939000587137084e-47
2.375000000000000000e+02 6.661659768048385801e-47
2.380000000000000000e+02 6.492421751147111837e-47
2.385000000000000000e+02 8.958782301438872402e-47
2.390000000000000000e+02 1.009351056430782587e-46
2.395000000000000000e+02 8.190262528025275465e-47
2.400000000000000000e+02 9.866365310552263787e-47
2.405000000000000000e+02 7.291737016782728492e-47
2.410000000000000000e+02 7.050055261622554384e-47
2.415000000000000000e+02 6.478857621568180310e-47
2.420000000000000000e+02 6.834192694214215059e-47
2.425000000000000000e+02 4.826971892937888389e-47
2.430000000000000000e+02 6.130622321803046011e-47
2.435000000000000000e+02 6.244036476603165649e-47
2.440000000000000000e+02 9.681355620613807196e-47
2.445000000000000000e+02 1.187874467231225750e-46
2.450000000000000000e+02 7.854004293034355399e-47
2.455000000000000000e+02 7.171817945582836294e-47
2.460000000000000000e+02 8.468661450341732948e-47
2.465000000000000000e+02 9.910610336364750692e-47
2.470000000000000000e+02 7.959439353492769201e-47
2.475000000000000000e+02 7.580264955490758386e-47
2.480000000000000000e+02 7.060199728327287755e-47
2.485000000000000000e+02 7.653641766954663754e-47
2.490000000000000000e+02 7.084203769104139494e-47
2.495000000000000000e+02 6.292474328335719599e-47
2.500000000000000000e+02 6.636012238079003250e-47
2.505000000000000000e+02 6.961123626322149791e-47
2.510000000000000000e+02 7.475862413775896108e-47
2.515000000000000000e+02 6.792406217178881068e-47
2.520000000000000000e+02 7.682529118419721051e-47
2.525000000000000000e+02 7.716415298130904892e-47
2.530000000000000000e+02 6.691555581423225628e-47
2.535000000000000000e+02 7.609783671880411514e-47
2.540000000000000000e+02 9.091744633540332329e-47
2.545000000000000000e+02 7.100264841651940823e-47
2.550000000000000000e+02 6.320355658101585175e-47
2.555000000000000000e+02 5.288469837993850256e-47
2.560000000000000000e+02 7.808676680645367954e-47
